$ 1 0.000005 10.20027730826997 50 5 50
r 1056 304 1056 384 0 56200
g 1056 464 1056 512 0
r 1056 384 1056 464 0 12700
368 1152 384 1216 384 0 0
R 784 240 784 176 0 0 40 27 0 0 0.5
c 1152 304 1152 384 0 6.8e-11 -3.363e-320
c 1152 384 1152 464 0 6.800000000000001e-7 3.363e-320
w 1152 384 1056 384 0
w 1056 304 1152 304 0
g 1152 464 1152 512 0
x 1089 273 1166 276 4 24 digifant
w 1056 304 784 304 0
b 1024 285 1249 539 0
x 999 324 1015 327 4 15 14
s 784 240 784 304 0 1 false
r 624 304 624 384 0 56000
w 784 304 624 304 0
r 624 384 624 464 0 12000
368 560 384 496 384 0 0
g 624 464 624 512 0
b 460 284 669 538 0
x 552 273 632 276 4 24 arduino
r 560 384 624 384 0 100000000
38 4 0 1 27 Voltage
