$ 1 0.000005 10.20027730826997 50 5 50
R 1024 240 1024 192 0 0 40 5 0 0 0.5
r 1024 240 1024 304 0 10
r 752 416 752 480 0 5675.6
g 688 240 688 192 0
174 912 480 816 432 0 500 0.5297000000000001 Resistance
w 1024 304 1024 480 0
w 688 240 688 480 0
w 816 480 752 480 0
w 688 480 752 480 0
w 864 432 864 304 0
w 752 416 752 304 0
w 912 480 1024 480 0
r 816 240 864 240 0 1000000
w 864 304 864 240 0
r 864 192 864 240 0 10000
368 864 192 912 192 0 0
w 816 240 688 240 0
r 752 304 800 304 0 8250
w 800 304 1024 240 0
r 752 256 752 304 0 18200
w 752 256 752 192 0
368 752 192 800 192 0 0
b 656 368 1048 562 0
x 669 545 719 548 4 24 AFM
38 2 0 90 35000 Resistance
