$ 1 0.000005 4.252108200006279 46 5 50
r 240 256 240 176 0 1000
R 544 112 608 112 0 0 40 12 0 0 0.5
r 240 336 240 256 0 22100
r 240 496 240 416 0 10000
g 240 496 240 528 0
c 176 416 176 496 0 2.2e-10 3.7383177570093458
w 240 336 176 336 0
g 176 496 176 528 0
r 320 256 320 176 0 22100
r 416 256 320 256 0 1000
r 416 256 416 176 0 11100
w 240 176 240 112 0
w 240 112 320 112 0
w 320 112 544 112 0
w 320 112 320 176 0
w 416 176 624 176 0
401 336 352 416 352 0 8_15_-15_1000000_0.4463698081067377_3.7383177570093458_100000 0_20_10000000000 0
w 336 336 240 336 0
w 320 368 320 256 0
r 320 496 320 416 0 4750
g 320 496 320 528 0
w 176 336 176 416 0
w 240 336 240 416 0
w 320 416 384 416 0
c 384 416 384 496 0 1e-8 0.4463698081067377
g 384 496 384 528 0
w 320 416 320 368 0
w 416 352 416 256 0
w 416 352 544 352 0
R 784 176 848 176 0 0 40 5 0 0 0.5
368 544 352 544 400 0 0
w 336 368 320 368 0
c 544 256 624 256 0 4.700000000000001e-9 -0.4442414991987873
r 624 256 624 176 0 3320
w 544 352 544 256 0
r 672 256 672 176 0 2000
r 720 256 720 176 0 20000
w 624 176 672 176 0
w 672 176 720 176 0
w 720 176 784 176 0
r 624 336 624 256 0 2200
r 624 416 624 336 0 3900
g 624 416 624 448 0
t 624 336 672 336 0 1 -4.704735882161759 0.2952459853950988 100
w 672 320 672 256 0
w 624 256 752 256 0
g 672 416 672 448 0
w 672 416 672 352 0
d 752 256 816 256 2 default
w 672 320 752 320 0
w 720 256 720 352 0
w 720 352 752 352 0
w 848 336 848 256 0
w 848 256 816 256 0
368 848 336 896 336 0 0
151 752 336 848 336 0 2 0 2
g 720 432 720 480 0
R 240 256 176 256 0 2 100 6 6 0 0.5
s 720 352 720 432 0 1 true
o 54 64 0 4099 0.0000762939453125 0.00009765625 0 2 54 3
