$ 1 0.000005 1.5642631884188172 50 5 43
R 1120 304 1168 304 0 0 40 5 0 0 0.5
g 528 240 528 208 0
r 816 240 816 304 0 4750
r 688 160 608 160 0 10000
401 688 176 816 176 0 8_15_-15_1000000_0.4726237347833965_0.09273910813665419_100000 0_20_10000000000 0
368 816 176 864 176 0 0
R 384 160 336 160 0 0 40 0 0 0 0.5
w 384 160 608 160 0
c 688 160 688 192 0 2.2000000000000002e-8 -0.3798846266467423
r 816 240 688 240 0 475000
w 688 192 688 240 0
w 816 240 816 176 0
c 688 240 688 304 0 6.8e-11 -4.527376265216604
w 688 304 816 304 0
c 528 240 528 304 0 1e-7 -5
r 592 192 592 304 0 10000
r 544 80 544 144 0 39200
r 592 80 592 144 0 1050
g 592 80 592 48 0
w 544 144 592 144 0
w 544 80 592 80 0
w 592 192 688 192 0
w 592 144 592 192 0
w 624 304 688 304 0
w 592 304 528 304 0
c 688 64 688 128 0 1e-8 -0.09273910813665419
g 688 64 688 32 0
401 992 144 1120 144 0 8_15_-15_1000000_0.005586637142373278_0.09273910813665419_100000 0_20_10000000000 0
r 1120 240 1120 304 0 4750
w 992 304 816 304 0
r 1120 240 992 240 0 511000
r 992 240 992 304 0 10000
w 992 304 1120 304 0
w 992 240 992 160 0
w 1120 240 1120 144 0
368 1120 144 1168 144 0 0
c 944 128 944 160 0 2.2000000000000002e-8 0.08715247099428092
w 688 160 688 128 0
w 688 128 944 128 0
r 688 128 624 128 0 39200
w 624 16 624 128 0
w 576 -48 624 -48 0
w 576 16 624 16 0
g 624 -48 624 -80 0
r 624 -48 624 16 0 1120
r 576 -48 576 16 0 12100
r 624 128 624 304 0 10000
w 592 304 624 304 0
w 944 128 992 128 0
w 944 160 992 160 0
r 944 -48 944 16 0 1100
r 992 -48 992 16 0 11.3
g 992 -48 992 -80 0
w 944 16 992 16 0
w 944 -48 992 -48 0
w 992 16 992 160 0
368 992 160 1056 64 0 0
368 688 192 640 336 0 0
38 6 0 0 1 Voltage
